 H  slvbas
S   3
  1     33.8650000              0.02549381454    
  2      5.0947900              0.1903731086     
  3      1.1587900              0.8521614860
S   1
  1      0.3258400              1.0000000        
S   1
  1      0.1027410              1.0000000        
S   1
  1      0.0360000              1.0000000        
P   1
  1      0.7500000              1.0000000        

 Li slvbas
S   6
  1    900.4600000              0.002287040374 
  2    134.4330000              0.01763500289
  3     30.43650000             0.08734341430
  4      8.626390000            0.2809770460
  5      2.483320000            0.6587411078
  6      0.303179000            0.1187120194
L   3
  1      4.868900000            0.09332929951          0.03276609658
  2      0.8569240000           0.9430449951           0.1597919833
  3      0.2432270000          -0.002798269985         0.8856669076
L   1
  1      0.06350700000          1.000000000            1.000000000
L   1
  1      0.02436830000          1.000000000            1.000000000
L   1
  1      0.007400000000         1.000000000            1.000000000
D   1
  1      0.2000000000           1.000000000   

 C slvbas
S   6
  1   4563.2400000              0.001966650249
  2    682.0240000              0.01523060193
  3    154.9730000              0.07612690966    
  4     44.4553000              0.2608010331
  5     13.0290000              0.6164620782
  6      1.8277300              0.2210060280
L   3
  1     20.9642000              0.1146600807           0.04024869267 
  2      4.8033100              0.9199996477           0.2375939567
  3      1.4593300             -0.003030682134         0.8158538515
L   1
  1      0.4834560              1.0000000              1.0000000
L   1
  1      0.1455850              1.0000000              1.0000000
L   1
  1      0.0438000              1.0000000              1.0000000
D   1
  1      0.6260000              1.0000000

 N slvbas
S   6
  1   6293.4800000              0.001969788147
  2    949.0440000              0.01496128592  
  3    218.7760000              0.07350053084
  4     63.6916000              0.2489367658
  5     18.8282000              0.6024594331
  6      2.7202300              0.2562017589
L   3
  1     30.6331000              0.1119060795           0.03831191864
  2      7.0261400              0.9216666549           0.2374031155
  3      2.1120500             -0.002569191826         0.8175923978
L   1
  1      0.6840090              1.0000000              1.0000000        
L   1
  1      0.2008780              1.0000000              1.0000000        
L   1
  1      0.0639000              1.0000000              1.0000000        
D   1
  1      0.9130000              1.0000000        

 O slvbas
S   6
  1   8588.5000000              0.001895150083
  2   1297.2300000              0.01438590063
  3    299.2960000              0.07073200310
  4     87.3771000              0.2400010105
  5     25.6789000              0.5947970261
  6      3.7400400              0.2808020123
L   3
  1     42.1175000              0.1138890124           0.03651139738
  2      9.6283700              0.9208111006           0.2371529830
  3      2.8533200             -0.003274470358         0.8197019412
L   1
  1      0.9056610              1.0000000              1.0000000
L   1
  1      0.2556110              1.0000000              1.0000000
L   1
  1      0.0845000              1.0000000              1.0000000
D   1
  1      1.2920000              1.0000000

 F slvbas
S   6
  1   11427.100000000            0.001800930156 
  2    1722.350000000            0.01374190119
  3     395.746000000            0.06813340591
  4     115.139000000            0.2333250202
  5      33.602600000            0.5890860511
  6       4.919010000            0.2995050260
L   3
  1      55.444100000            0.1145360155           0.03546088738   
  2      12.632300000            0.9205121249           0.2374509155
  3       3.717560000           -0.003378040458         0.8204577080
L   1
  1       1.165450000            1.0000000              1.0000000  
L   1                                                             
  1       0.321892000            1.0000000              1.0000000
L   1                                                             
  1       0.107600000            1.0000000              1.0000000
D   1                                                             
  1       1.750000000            1.0000000              1.0000000

 Na slvbas
S   6
  1  36166.4000000              0.00103200045        
  2   5372.5800000              0.00807100356        
  3   1213.2100000              0.0421290186    
  4    339.6230000              0.169789075     
  5    109.5530000              0.514621227        
  6     38.7773000              0.379817167        
S   3
  1     38.7773000              0.374761810
  2     14.5759000              0.575768708      
  3      5.2699300              0.112932943      
S   1
  1      1.8277700              1.0000000        
S   1
  1      0.6199480              1.0000000        
S   1
  1      0.0572400              1.0000000        
S   1
  1      0.0240480              1.0000000        
L   1
  1      0.0076000              1.0000000              1.0000000        
P   4
  1    144.6450000              0.0114850016
  2     33.9074000              0.0823830115     
  3     10.6285000              0.319658045     
  4      3.8238900              0.701295098      
P   2
  1      1.4442900              0.638506121      
  2      0.5526210              0.425365081      
P   1
  1      0.1887200              1.0000000        
P   1
  1      0.0465010              1.0000000        
P   1
  1      0.0162850              1.0000000        
D   1
  1      0.1750000              1.0000000        

 S slvbas
S   6
  1  93413.4000000              0.0007430        
  2  13961.7000000              0.0057930        
  3   3169.9100000              0.0299540        
  4    902.4560000              0.1190280        
  5    297.1580000              0.3684320        
  6    108.7020000              0.5772990        
S   3
  1    108.7020000              0.1431860        
  2     43.1553000              0.6244650        
  3     18.1079000              0.2833660        
S   1
  1      5.5600900              1.0000000        
S   1
  1      2.1318300              1.0000000        
S   1
  1      0.4204030              1.0000000        
S   1
  1      0.1360450              1.0000000        
P   4
  1    495.0400000              0.0083090        
  2    117.2210000              0.0640240        
  3     37.7749000              0.2776140        
  4     14.0584000              0.7450760        
P   2
  1      5.5657400              0.6137120        
  2      2.2629700              0.4438180        
P   1
  1      0.8079940              1.0000000        
P   1
  1      0.2774600              1.0000000        
P   1
  1      0.0771410              1.0000000        
L   1
  1      0.0405000              1.0000000              1.0000000        
D   1
  1      0.6500000              1.0000000        

 Cl slvbas
S    6 
  1   105819.0             0.0007380002465 
  2   15872.0              0.005718001910
  3   3619.65              0.02949500985
  4   1030.8               0.1172860392
  5   339.908              0.3629491212
  6   124.538              0.5841491951
S    3
  1   124.538              0.1341769734
  2   49.5135              0.6242498762
  3   20.8056              0.2917559421
S    1
  1   6.58346              1.000000 
S    1                              
  1   2.56468              1.000000
S    1                              
  1   0.559763             1.000000
S    1                              
  1   0.183273             1.000000
L    1
  1  0.0483         1.000000     1.000000
P    5
  1   589.776              0.003665569355 
  2   139.849              0.02836791942
  3   45.1413              0.1247566028
  4   16.8733              0.3396546305
  5   2.77152              0.7475859630
P    2
  1   6.7411              -1.572243813  
  2   2.77152              0.9923888817
P    1
  1   1.02387              1.000000 
P    1                              
  1   0.381368             1.000000
P    1                              
  1   0.109437             1.000000
D    1                              
  1   0.750000             1.000000

