         39.24           9.60
         38.41          11.58
         42.03          13.78
         51.59          15.94
         67.89          16.81
         90.27          14.03
        117.26           5.45
        148.99          -7.60
        186.54         -18.95
        229.37         -22.22
        271.09         -16.55
        302.94          -5.31
        318.37           7.68
        312.76          17.99
        284.90          21.18
        240.36          16.93
        188.78           9.68
        138.83           3.55
         95.20          -0.85
         59.89          -4.68
         32.77          -8.58
