[[ 1.85926561 -0.08917983 -0.36945431]
 [ 0.55128671 -0.27350481  0.22534965]
 [-0.55025021  0.31760214 -0.28539731]
 [-1.85313311  0.04110816  0.43299863]
 [-0.50686721  1.02269709 -1.25260424]
 [ 2.14355959  0.95620509 -0.36432531]
 [-2.54423006 -0.4062398  -0.27156531]
 [ 0.46331371 -0.84804877  1.02735159]
 [-1.74340912 -0.61283079  1.29048357]
 [-2.27329408  0.98632309  0.75576761]
 [ 2.58184555 -0.65411178  0.20575465]
 [ 1.87191261 -0.4400198  -1.39435923]
 [-0.28200501 -1.46505416  2.57088628]
 [ 0.47077994 -2.03009812  2.57088628]
 [-1.03478995 -2.03009812  2.57088628]]
{'pol_ea': 0.0, 'dis_mea': 17.741495858129376, 'rep_tot': 11.548932729375487, 'rep_ea': 0.0, 'dis_ea': 0.0, 'pol_tot': 0.3509359911240839, 'dis_tot': 17.741495858129376, 'rep_mea': 11.548932729375487, 'ele_mea': 1.1553413473196907, 'pol_add_tot': 0.0, 'total_ea': 8.506974626794168, 'cor_mea': -0.0644147630713468, 'total_ele': 27.690333060295963, 'total': 39.23926578967145, 'dis_mea_iso': 13.009538542247958, 'total_mea': 30.73229116287729, 'solcamm': 8.6774740189608, 'pol_add_mea': 0.0, 'cor_ea': 0.9848419551530593, 'ele_tot': 9.597901211042512, 'pol_add_ea': 0.0, 'total_cor': 0.9204271920817124, 'ele_ea': 7.522132671641109, 'pol_mea': 0.3509359911240839}
